10
10
10 1
10 2
8 2
8 5
7 5
7 2
5 2
5 4
2 4
2 1
4
2 1
5 1
5 4
2 4
12
80 90
93 90
93 97
95 97
95 99
92 99
92 100
90 100
90 98
85 98
85 93
80 93
12
45 27
35 27
35 8
45 8
45 10
50 10
50 5
30 5
30 30
50 30
50 25
45 25
20
64 47
64 46
36 46
36 45
65 45
65 48
32 48
32 42
68 42
68 53
45 53
45 55
70 55
70 40
30 40
30 50
66 50
66 44
34 44
34 47
38
20 30
23 30
23 40
30 40
30 35
35 35
35 28
55 28
55 33
40 33
40 35
65 33
65 45
57 45
57 50
45 50
45 55
57 55
57 65
25 65
25 75
43 75
43 80
26 80
26 85
70 85
70 90
40 90
40 87
60 87
60 85
30 86
30 95
75 95
75 100
24 100
24 50
20 50
46
5 15
20 15
20 10
15 10
15 0
30 0
30 13
100 13
100 80
80 80
80 90
90 90
90 95
55 95
55 100
25 100
25 85
7 85
7 75
70 75
70 25
65 25
65 60
45 60
45 20
40 20
40 55
37 55
37 25
35 25
35 45
33 45
33 27
27 27
27 40
25 40
25 60
20 60
20 18
17 18
17 25
13 25
13 50
11 50
11 20
5 20
94
500 1000
520 1000
520 980
540 980
540 960
560 960
560 940
580 940
580 920
600 920
600 900
620 900
620 880
640 880
640 860
660 860
660 840
680 840
680 820
700 820
700 800
720 800
720 780
740 780
740 760
760 760
760 740
780 740
780 720
800 720
800 700
820 700
820 680
840 680
840 660
860 660
860 640
880 640
880 620
900 620
900 600
920 600
920 580
940 580
940 560
960 560
960 540
980 540
980 520
1000 520
1000 500
510 500
510 100
100 100
100 120
120 120
120 140
140 140
140 160
160 160
160 180
180 180
180 200
200 200
200 220
220 220
220 240
240 240
240 260
260 260
260 280
280 280
280 300
300 300
300 320
320 320
320 340
340 340
340 360
360 360
360 380
380 380
380 400
400 400
400 420
420 420
420 440
440 440
440 460
460 460
460 480
480 480
480 500
500 500
100
48 100
52 100
52 98
54 98
54 96
56 96
56 94
58 94
58 92
60 92
60 90
62 90
62 88
64 88
64 86
66 86
66 84
68 84
68 82
70 82
70 80
72 80
72 78
74 78
74 76
76 76
76 74
78 74
78 72
80 72
80 70
82 70
82 68
84 68
84 66
86 66
86 64
88 64
88 62
90 62
90 60
92 60
92 58
94 58
94 56
96 56
96 54
98 54
98 52
100 52
100 50
0 50
0 52
2 52
2 54
4 54
4 56
6 56
6 58
8 58
8 60
10 60
10 62
12 62
12 64
14 64
14 66
16 66
16 68
18 68
18 70
20 70
20 72
22 72
22 74
24 74
24 76
26 76
26 78
28 78
28 80
30 80
30 82
32 82
32 84
34 84
34 86
36 86
36 88
38 88
38 90
40 90
40 92
42 92
42 94
44 94
44 96
46 96
46 98
48 98
100
75 82
78 82
78 76
80 76
80 73
83 73
83 72
85 72
85 80
90 80
90 74
93 74
93 70
95 70
95 66
99 66
99 64
92 64
92 60
94 60
94 57
86 57
86 54
96 54
96 50
84 50
84 43
82 43
82 47
79 47
79 40
73 40
73 52
69 52
69 45
65 45
65 50
63 50
63 35
60 35
60 37
57 37
57 39
59 39
59 40
61 40
61 43
55 43
55 45
58 45
58 50
50 50
50 44
45 44
45 52
52 52
52 58
40 58
40 60
42 60
42 63
30 63
30 65
35 65
35 66
37 66
37 65
43 65
43 68
33 68
33 70
37 70
37 72
42 72
42 71
45 71
45 75
40 75
40 83
43 83
43 85
47 85
47 74
49 74
49 87
52 87
52 75
54 75
54 76
56 76
56 65
60 65
60 78
63 78
63 76
68 76
68 80
63 80
63 83
75 83
