10
1011110011010110000010110001111000111010111101001010100100011101010111010101001010000011010000100001 1000111010001001110101111111111011010110010111000101010101111000101000001011111001101101011111001101
0011100000001110010101010011001000111001001100001011100100000100000100000110011110100111101110010000 0000011010100011000101101111101101101000000101000000110100010000111001001110010010111101100100000100
0100000010111000100100011011111001001011000100010000011110010110111010110110111110011110011010001100 1001111101011000010010000000000100101011110001000101101101100000010011111011101111101011010010011110
0111110011100001111101111110000110001100000100011100011110111000011101101110101010001010010110011101 0100010111111011001011000011111101100110111010110110010010001100010010001100101010010001000010011010
0001111110101111110010000010010111000011001110010111110011010001110111010111010001100101101101100111 0010100110100100000101100001100101011011001011101111001000110010111110011100010100000101100101110101
1010111101001000001101101001101110101001001111111000010100011100100000101000111101101111010111101111 0001101010111010001000111010101111001101100100100100111011011100110001101011000010100001100101110010
1100111101110000101010111101111000011101101101111000011101011011011111101010101001111001011110010101 1110100000101010000011101011110011101111100101101110000001101000110111001011010101011010000100100111
1110010000101110000010111011100001100100111010011110101001111101111101011110111000000000101011000100 1010100001101101111010100110011110101101011110001110000011010111001100001100101000000101000101000010
0101000011011111010010110010000010101100001110011000110111110111111001010101111011100110001011010110 1011100111100011101010001011010111001010011010110011110001000011110111110000011100011011011010011001
1100000001101010000001110101100001001001101000101111000011001001111110010010000111001100000111100011 0000000001000000100111100000001100100000100110101000110110110000000001111100001101110101110011001101
